49.35  
68.00  
30.88  
21.35  
18,936.00  
228.85  
15.00  
12.70  
76.75  
723.96  
39.00  
93.00  
30.50  
156.40  
28.00  
116.82  
90.60  
16.00  
58.00  
39.39  
11,369.66  
160.36  
58.45  
8.95  
381.00  
35.00  
1,100.00  
41.00  
30.00  
  
19.19  
42.00  
201.95  
84.50  
2,749.00  
233.22  
25.88  
78.00  
120.05  
64.70  
62.83  
8.05  
112.70  
108.00  
43.00  
41.00  
384.67  
80.00  
80.60  
327.35  
29.15  
285.48  
18.65  
7.60  
143.90  
55.00  
100.00  
136.75  
64.40  
14.10  
76.00  
496.64  
17.26  
75.90  
78.00  
10.52  
70.00  
215.00  
24.20  
228.85  
162.00  
0.12  
3.69  
14.81  
39.92  
38.00  
226.90  
8.00  
12.05  
67.80  
13.00  
12.50  
470.74  
9,796.00  
30.00  
26.43  
85.00  
138.37  
30.00  
67.00  
180,000.00  
21.39  
  
